id.num num.weeks weight   
 1     1         24.0
 1     2         32.0
 1     3         39.0
 1     4         42.5
 1     5         48.0
 1     6         54.5
 1     7         61.0
 1     8         65.0
 1     9         72.0
 2     1         22.5
 2     2         30.5
 2     3         40.5
 2     4         45.0
 2     5         51.0
 2     6         58.5
 2     7         64.0
 2     8         72.0
 2     9         78.0
 3     1         22.5
 3     2         28.0
 3     3         36.5
 3     4         41.0
 3     5         47.5
 3     6         55.0
 3     7         61.0
 3     8         68.0
 3     9         76.0
 4     1         24.0
 4     2         31.5
 4     3         39.5
 4     4         44.5
 4     5         51.0
 4     6         56.0
 4     7         59.5
 4     8         64.0
 4     9         67.0
 5     1         24.5
 5     2         31.5
 5     3         37.0
 5     4         42.5
 5     5         48.0
 5     6         54.0
 5     7         58.0
 5     8         63.0
 5     9         65.5
 6     1         23.0
 6     2         30.0
 6     3         35.5
 6     4         41.0
 6     5         48.0
 6     6         51.5
 6     7         56.5
 6     8         63.5
 6     9         69.5
 7     1         22.5
 7     2         28.5
 7     3         36.0
 7     4         43.5
 7     5         47.0
 7     6         53.5
 7     7         59.5
 7     8         67.5
 7     9         73.5
 8     1         23.5
 8     2         30.5
 8     3         38.0
 8     4         41.0
 8     5         48.5
 8     6         55.0
 8     7         59.5
 8     8         66.5
 8     9         73.0
 9     1         20.0
 9     2         27.5
 9     3         33.0
 9     4         39.0
 9     5         43.5
 9     6         49.0
 9     7         54.5
 9     8         59.5
 9     9         65.0
10     1         25.5
10     2         32.5
10     3         39.5
10     4         47.0
10     5         53.0
10     6         58.5
10     7         63.0
10     8         69.5
10     9         76.0
11     1         24.5
11     2         31.0
11     3         40.5
11     4         46.0
11     5         51.5
11     6         57.0
11     7         62.5
11     8         69.5
11     9         76.0
12     1         24.0
12     2         29.0
12     3         39.0
12     4         44.0
12     5         50.5
12     6         57.0
12     7         61.5
12     8         68.0
12     9         73.5
13     1         23.5
13     2         30.5
13     3         36.5
13     4         42.0
13     5         47.0
13     6         55.0
13     7         59.0
13     8         65.5
13     9         73.0
14     1         21.5
14     2         30.5
14     3         37.0
14     4         42.5
14     5         48.0
14     6         52.5
14     7         58.5
14     8         63.0
14     9         69.5
15     1         25.0
15     2         32.0
15     3         38.5
15     4         44.0
15     5         51.0
15     6         59.0
15     7         66.0
15     8         75.5
15     9         86.0
16     1         21.5
16     2         28.5
16     3         34.0
16     4         39.5
16     5         45.0
16     6         51.0
16     7         58.0
16     8         64.5
16     9         72.5
17     1         31.0
17     2         38.0
17     3         48.0
17     4         54.0
17     5         60.0
17     6         62.0
17     7         66.5
17     8         75.5
17     9         84.0
18     1         27.5
18     2         32.5
18     3         36.0
18     4         43.0
18     5         49.5
18     6         52.5
18     7         56.0
18     8         61.0
18     9         64.0
19     1         30.0
19     2         37.0
19     3         45.0
19     4         51.0
19     5         58.0
19     6         63.0
19     7         67.5
19     8         74.5
19     9         81.0
20     1         26.0
20     2         32.0
20     3         40.5
20     4         45.5
20     5         52.5
20     6         55.5
20     7         62.5
20     8         69.5
20     9         74.0
21     1         26.0
21     2         32.5
21     3         39.5
21     4         44.0
21     5         48.0
21     6         54.5
21     7         58.0
21     8         66.0
21     9         73.0
22     1         28.5
22     2         35.5
22     3         41.5
22     4         47.5
22     5         54.0
22     6         59.5
22     7         63.5
22     8         71.0
22     9         78.5
23     1         26.5
23     2         34.5
23     3         42.0
23     4         48.5
23     5         55.5
23     6         62.0
23     7         68.0
23     8         76.5
23     9         85.0
24     1         27.5
24     2         33.5
24     3         41.0
24     4         45.0
24     5         50.5
24     6         56.0
24     7         62.5
24     8         71.0
24     9         78.0
25     1         22.5
25     2         27.0
25     3         33.5
25     4         38.5
25     5         41.0
25     6         49.0
25     7         56.0
25     8         64.0
25     9         68.0
26     1         22.0
26     2         26.5
26     3         32.5
26     4         38.5
26     5         43.5
26     6         50.5
26     7         56.5
26     8         63.5
26     9         68.5
27     1         23.5
27     2         29.0
27     3         35.5
27     4         40.0
27     5         45.0
27     6         50.0
27     7         56.5
27     8         63.0
27     9         67.5
28     1         22.5
28     2         29.5
28     3         36.5
28     4         42.0
28     5         45.0
28     6         55.0
28     7         61.0
28     8         68.0
28     9         72.0
29     1         27.5
29     2         34.5
29     3         42.0
29     4         47.5
29     5         53.0
29     6         63.0
29     7         72.0
29     8         79.0
29     9         85.5
30     1         23.5
30     2         28.0
30     3         33.0
30     4         37.0
30     5         38.5
30     6         48.0
30     7         52.5
30     8         62.0
30     9         64.5
31     1         24.5
31     2         30.0
31     3         38.5
31     4         42.0
31     5         47.5
31     6         54.0
31     7         62.5
31     8         71.5
31     9         77.0
32     1         24.5
32     2         31.5
32     3         40.5
32     4         46.5
32     5         51.5
32     6         61.5
32     7         68.5
32     8         77.5
32     9         84.5
33     1         24.5
33     2         32.0
33     3         39.0
33     4         45.0
33     5         51.0
33     6         55.5
33     7         61.5
33     8         69.0
33     9         75.5
34     1         24.0
34     2         32.5
34     3         40.0
34     4         48.0
34     5         54.5
34     6         61.5
34     7         68.0
34     8         74.5
34     9         81.0
35     1         24.0
35     2         31.5
35     3         38.5
35     4         44.0
35     5         51.5
35     6         57.5
35     7         64.0
35     8         72.5
35     9         79.0
36     1         24.5
36     2         32.5
36     3         39.5
36     4         44.5
36     5         52.5
36     6         56.5
36     7         62.0
36     8         67.5
36     9         72.5
37     1         24.5
37     2         32.0
37     3         38.5
37     4         44.0
37     5         50.0
37     6         56.0
37     7         63.5
37     8         69.5
37     9         76.0
38     1         25.5
38     2         33.0
38     3         41.5
38     4         47.0
38     5         55.5
38     6         60.5
38     7         66.5
38     8         77.0
38     9         82.0
39     1         25.5
39     2         32.0
39     3         39.0
39     4         45.5
39     5         51.0
39     6         57.5
39     7         63.5
39     8         72.0
39     9         78.5
40     1         25.0
40     2         31.0
40     3         36.5
40     4         43.0
40     5         50.5
40     6         55.0
40     7         62.5
40     8         69.0
40     9         75.5
41     1         26.5
41     2         30.5
41     3         33.0
41     4         39.0
41     5         43.5
41     6         49.5
41     7         56.5
41     8         61.0
41     9         65.0
42     1         24.0
42     2         32.0
42     3         39.0
42     4         44.5
42     5         50.0
42     6         56.0
42     7         63.0
42     8         67.5
42     9         74.0
43     1         24.5
43     2         31.0
43     3         37.5
43     4         43.5
43     5         48.0
43     6         56.0
43     7         62.5
43     8         66.5
43     9         70.5
44     1         27.0
44     2         34.5
44     3         42.0
44     4         48.5
44     5         53.0
44     6         60.0
44     7         67.0
44     8         73.0
44     9         76.0
45     1         31.0
45     2         39.0
45     3         47.5
45     4         51.0
45     5         57.0
45     6         64.0
45     7         71.0
45     8         77.0
45     9         80.5
46     1         27.0
46     2         33.5
46     3         40.0
46     4         46.5
46     5         53.0
46     6         60.0
46     7         66.5
46     8         72.5
46     9         80.0
47     1         29.5
47     2         37.0
47     3         46.0
47     4         52.5
47     5         60.0
47     6         67.5
47     7         76.0
47     8         81.5
47     9         88.0
48     1         28.5
48     2         36.0
48     3         42.5
48     4         49.0
48     5         55.0
48     6         63.5
48     7         72.0
48     8         78.5
48     9         85.5